14 30
14 31
14 32
14 66
15 8
15 9
15 10
15 11
15 16
15 17
15 18
15 19
15 23
15 24
15 25
15 26
15 31
15 32
15 66
15 68
15 81
15 82
15 83
15 84
15 88
15 89
15 90
15 91
15 92
15 96
15 97
15 98
15 99
15 100
16 7
16 8
16 9
16 10
16 11
16 12
16 15
16 16
16 17
16 18
16 19
16 20
16 23
16 24
16 25
16 26
16 27
16 66
16 67
16 68
16 69
16 70
16 80
16 81
16 82
16 83
16 84
16 85
16 87
16 88
16 89
16 90
16 91
16 92
16 93
16 96
16 97
16 99
16 100
17 10
17 11
17 12
17 18
17 19
17 20
17 26
17 27
17 67
17 68
17 69
17 70
17 71
17 83
17 84
17 85
17 91
17 92
17 93
17 99
17 100
18 10
18 11
18 12
18 18
18 19
18 20
18 26
18 27
18 50
18 58
18 62
18 69
18 70
18 71
18 72
18 83
18 84
18 85
18 91
18 92
18 93
18 98
18 99
18 106
18 107
18 114
18 115
18 119
19 10
19 11
19 12
19 18
19 19
19 20
19 25
19 26
19 27
19 31
19 32
19 36
19 37
19 38
19 39
19 40
19 41
19 48
19 49
19 50
19 51
19 52
19 57
19 58
19 59
19 61
19 62
19 63
19 68
19 69
19 70
19 71
19 72
19 73
19 83
19 84
19 85
19 90
19 91
19 92
19 93
19 98
19 99
19 105
19 106
19 107
19 108
19 109
19 113
19 114
19 115
19 118
19 119
19 120
20 10
20 11
20 12
20 17
20 18
20 19
20 20
20 25
20 26
20 29
20 30
20 31
20 32
20 33
20 40
20 41
20 47
20 48
20 51
20 52
20 53
20 54
20 58
20 59
20 60
20 61
20 62
20 63
20 66
20 67
20 68
20 71
20 72
20 73
20 83
20 84
20 85
20 90
20 91
20 92
20 93
20 97
20 98
20 104
20 105
20 107
20 108
20 109
20 110
20 115
20 116
20 117
20 118
20 119
21 10
21 11
21 12
21 17
21 18
21 19
21 20
21 24
21 25
21 31
21 32
21 39
21 40
21 47
21 51
21 52
21 53
21 58
21 59
21 60
21 66
21 67
21 68
21 71
21 72
21 73
21 83
21 84
21 85
21 89
21 90
21 91
21 92
21 93
21 97
21 103
21 104
21 108
21 109
21 115
21 116
21 117
22 10
22 11
22 12
22 16
22 17
22 18
22 19
22 20
22 23
22 24
22 25
22 31
22 32
22 39
22 40
22 46
22 47
22 51
22 52
22 53
22 58
22 59
22 66
22 67
22 68
22 71
22 72
22 73
22 83
22 84
22 85
22 89
22 91
22 92
22 93
22 96
22 97
22 103
22 104
22 108
22 109
22 115
22 116
23 10
23 11
23 12
23 15
23 16
23 18
23 19
23 20
23 23
23 24
23 31
23 32
23 38
23 39
23 46
23 47
23 51
23 52
23 53
23 58
23 59
23 66
23 67
23 68
23 71
23 72
23 73
23 83
23 84
23 85
23 88
23 89
23 91
23 92
23 93
23 95
23 96
23 103
23 104
23 108
23 109
23 115
23 116
24 10
24 11
24 12
24 14
24 15
24 18
24 19
24 20
24 22
24 23
24 31
24 32
24 37
24 38
24 41
24 42
24 43
24 46
24 47
24 51
24 52
24 53
24 58
24 59
24 66
24 67
24 68
24 71
24 72
24 73
24 83
24 84
24 85
24 87
24 88
24 91
24 92
24 93
24 94
24 95
24 103
24 104
24 108
24 109
24 115
24 116
25 10
25 11
25 12
25 14
25 15
25 18
25 19
25 20
25 21
25 22
25 31
25 32
25 37
25 40
25 41
25 43
25 46
25 47
25 48
25 51
25 52
25 53
25 58
25 59
25 66
25 67
25 68
25 69
25 71
25 72
25 73
25 83
25 84
25 85
25 86
25 87
25 91
25 92
25 93
25 94
25 103
25 104
25 108
25 109
25 115
25 116
26 10
26 11
26 12
26 13
26 14
26 18
26 19
26 20
26 21
26 31
26 32
26 33
26 34
26 36
26 37
26 39
26 40
26 43
26 47
26 48
26 49
26 50
26 51
26 52
26 53
26 54
26 57
26 58
26 59
26 60
26 61
26 62
26 66
26 67
26 68
26 69
26 70
26 71
26 72
26 83
26 84
26 85
26 86
26 91
26 92
26 93
26 103
26 104
26 105
26 106
26 107
26 108
26 109
26 110
26 111
26 114
26 115
26 116
26 117
26 118
26 119
27 10
27 11
27 13
27 18
27 19
27 20
27 31
27 32
27 36
27 37
27 38
27 39
27 40
27 41
27 42
27 43
27 47
27 48
27 49
27 52
27 53
27 59
27 60
27 61
27 68
27 69
27 70
27 71
27 83
27 84
27 85
27 91
27 92
27 104
27 105
27 108
27 109
27 115
27 116
27 117
28 39
35 58
35 59
35 72
35 73
35 74
35 84
35 87
35 88
35 98
35 99
35 100
35 104
35 105
35 107
36 28
36 59
36 71
36 88
36 98
36 100
36 103
36 110
36 113
37 27
37 28
37 29
37 30
37 34
37 35
37 36
37 37
37 39
37 40
37 41
37 42
37 44
37 45
37 46
37 47
37 48
37 49
37 52
37 53
37 54
37 59
37 60
37 61
37 63
37 64
37 66
37 72
37 73
37 77
37 78
37 79
37 80
37 81
37 84
37 88
37 90
37 91
37 93
37 100
37 101
37 102
37 103
37 106
37 107
37 108
37 110
37 111
37 112
37 113
38 26
38 27
38 29
38 34
38 36
38 39
38 41
38 45
38 47
38 49
38 52
38 53
38 54
38 59
38 61
38 64
38 66
38 67
38 71
38 77
38 79
38 81
38 84
38 88
38 91
38 93
38 94
38 100
38 102
38 103
38 107
38 111
38 112
39 26
39 27
39 29
39 34
39 36
39 39
39 41
39 45
39 47
39 49
39 52
39 59
39 61
39 64
39 66
39 67
39 71
39 74
39 75
39 77
39 79
39 81
39 84
39 88
39 91
39 93
39 94
39 99
39 100
39 102
39 107
39 111
40 27
40 28
40 29
40 30
40 34
40 35
40 36
40 37
40 39
40 40
40 41
40 42
40 45
40 47
40 49
40 50
40 53
40 54
40 58
40 59
40 60
40 63
40 64
40 65
40 66
40 71
40 72
40 73
40 74
40 75
40 77
40 79
40 81
40 82
40 84
40 85
40 87
40 88
40 90
40 91
40 92
40 93
40 94
40 97
40 98
40 99
40 102
40 103
40 104
40 107
40 108
40 110
40 112
40 113
41 37
41 66
41 93
42 35
42 36
42 65
42 91
42 92
100 74
100 88
101 42
101 43
101 44
101 45
101 47
101 48
101 50
101 51
101 53
101 54
101 58
101 59
101 63
101 64
101 70
101 71
101 73
101 74
101 75
101 76
101 79
101 80
101 83
101 85
101 86
101 88
101 89
102 42
102 43
102 45
102 48
102 49
102 53
102 55
102 57
102 62
102 69
102 74
102 77
102 78
102 80
102 84
102 88
103 42
103 43
103 45
103 48
103 53
103 54
103 57
103 58
103 59
103 60
103 62
103 63
103 64
103 69
103 70
103 71
103 72
103 74
103 77
103 78
103 80
103 84
103 88
104 42
104 45
104 48
104 53
104 60
104 64
104 72
104 74
104 77
104 78
104 80
104 84
104 88
105 41
105 42
105 43
105 44
105 48
105 49
105 50
105 53
105 54
105 57
105 58
105 59
105 62
105 63
105 64
105 69
105 70
105 71
105 74
105 75
105 78
105 79
105 80
105 81
105 83
105 84
105 85
105 88
105 89
106 42
106 84
107 42
